ilce,mahalle,toplam_nufus,kadin_nufus,erkek_nufus
"ŞEREFLİKOÇHİSAR","EKİCİ",3801,1889,1912
"POLATLI","YENİMEHMETLİ",255,106,149
"ÇANKAYA","KIZILAY",1572,869,703
"ŞEREFLİKOÇHİSAR","İSTİKLAL",4157,2139,2018
"POLATLI","ÇİMENCEĞİZ",97,45,52
"POLATLI","BEYLİKKÖPRÜ",1428,310,1118
"SİNCAN","29 EKİM",20453,10218,10235
"POLATLI","KURTULUŞ",6064,3175,2889
"POLATLI","ZAFER",10884,5553,5331
"POLATLI","YENİKÖSELER",416,182,234
"POLATLI","ESENTEPE",2113,1097,1016
"KEÇİÖREN","AKTEPE",11007,5616,5391
"YENİMAHALLE","MEHMET AKİF ERSOY",18189,9322,8867
"YENİMAHALLE","SERHAT",24592,12363,12229
"ÇAMLIDERE","PELİTÇİK",161,75,86
"ÇANKAYA","SAĞLIK",648,227,421
"ÇANKAYA","NASUH AKAR",3747,1944,1803
"KIZILCAHAMAM","KIRKIRCA",119,58,61
"KIZILCAHAMAM","BAĞLICA",66,33,33
"KIZILCAHAMAM","AŞAĞIADA",39,19,20
"KIZILCAHAMAM","ESENLER",45,21,24
"KEÇİÖREN","KARAKAYA",19798,9785,10013
"ÇANKAYA","KÜÇÜKESAT",2544,1434,1110
"ÇANKAYA","FİDANLIK",1321,525,796
"YENİMAHALLE","YUKARI YAHYALAR",4122,2067,2055
"KALECİK","KUYUCAK",85,40,45
"BEYPAZARI","KAYABÜKÜ",174,88,86
"ÇANKAYA","KOCATEPE",658,285,373
"POLATLI","MEHMETAKİF",8120,4397,3723
"SİNCAN","MALAZGİRT",34635,17129,17506
"KIZILCAHAMAM","ÇUKURCA",39,19,20
"ETİMESGUT","YAVUZ SELİM",11028,5697,5331
"ETİMESGUT","TOPÇU",31271,15716,15555
"SİNCAN","AKŞEMSETTİN",23239,11643,11596
"ETİMESGUT","KAZIM KARABEKİR",18173,9011,9162
"SİNCAN","ULUBATLI HASAN",15054,7626,7428
"SİNCAN","MEVLANA",5508,2713,2795
"SİNCAN","PLEVNE",29983,15096,14887
"SİNCAN","İLYAKUT",258,125,133
"KIZILCAHAMAM","GÜVEM",167,83,84
"KIZILCAHAMAM","İĞDİR",98,51,47
"KIZILCAHAMAM","SARAYCIK",51,23,28
"KIZILCAHAMAM","EĞERLİKOZÖREN",176,78,98
"SİNCAN","GÖKÇEK",14536,7341,7195
"SİNCAN","MÜLK",277,98,179
"SİNCAN","YUNUS EMRE",8481,4332,4149
"SİNCAN","ESENLER",120,59,61
"MAMAK","BALKİRAZ",10378,5549,4829
"MAMAK","ALTINEVLER",6360,3642,2718
"MAMAK","TEPECİK",947,414,533
"KIZILCAHAMAM","BAĞÖREN",74,36,38
"KIZILCAHAMAM","KAVAKÖZÜ",198,91,107
"KIZILCAHAMAM","SEMELER",70,30,40
"KIZILCAHAMAM","KIZILCAKÖY",55,29,26
"KIZILCAHAMAM","YENİCE",5668,2930,2738
"KIZILCAHAMAM","KARŞIYAKA",2760,1310,1450
"KIZILCAHAMAM","AYVACIK",32,17,15
"KIZILCAHAMAM","İYCELER",133,66,67
"KIZILCAHAMAM","DERENECİ",161,80,81
"KIZILCAHAMAM","AKDOĞAN",159,75,84
"KIZILCAHAMAM","YEŞİLKÖY",74,34,40
"KEÇİÖREN","BAĞLUM GÜZELYURT",200,91,109
"ŞEREFLİKOÇHİSAR","HAMZALI",129,61,68
"BALA","ÇATALÖREN",345,143,202
"BEYPAZARI","DAĞŞEYHLER",49,25,24
"PURSAKLAR","KARAKÖY",76,38,38
"POLATLI","GÜMÜŞYAKA",87,42,45
"ETİMESGUT","ŞEYH ŞAMİL",18782,9714,9068
"KEÇİÖREN","23 NİSAN",8952,4541,4411
"KALECİK","ÇAYKAYA",177,92,85
"POLATLI","ILICA",235,98,137
"POLATLI","TAŞPINAR",86,34,52
"POLATLI","GAZİ",6453,3376,3077
"ÇAMLIDERE","DOĞANCI",52,21,31
"GÜDÜL","YEŞİLÖZ",386,207,179
"POLATLI","ŞEHİTLİK",24800,12652,12148
"GÜDÜL","ÇAĞA",495,252,243
"POLATLI","ADATOPRAKPINAR",197,93,104
"ÇANKAYA","AKARLAR",87,40,47
"BEYPAZARI","BEYTEPE",366,191,175
"YENİMAHALLE","ÇAMLICA",7100,3591,3509
"YENİMAHALLE","25 MART",6242,3274,2968
"ELMADAĞ","YENİCE",1624,795,829
"YENİMAHALLE","DEMETEVLER",28910,14712,14198
"YENİMAHALLE","YENİÇAĞ",4606,2411,2195
"ŞEREFLİKOÇHİSAR","KADIOBASI",43,22,21
"AYAŞ","HACIVELİ",521,294,227
"YENİMAHALLE","ESENTEPE",7647,4047,3600
"ÇANKAYA","ATA",11726,6076,5650
"POLATLI","HIDIRŞEYH",93,38,55
"ÇANKAYA","KAVAKLIDERE",6263,3514,2749
"ÇANKAYA","BALGAT",3346,1634,1712
"ÇANKAYA","ARKA TOPRAKLIK",2403,1228,1175
"ÇUBUK","YUKARIEMİRLER",121,60,61
"ÇUBUK","KUTUÖREN",164,85,79
"ÇUBUK","SARISU",113,55,58
"YENİMAHALLE","DEMETLALE",17762,8859,8903
"ÇANKAYA","KORU",14350,7860,6490
"KEÇİÖREN","ATAPARK",52483,26488,25995
"KEÇİÖREN","YÜKSELTEPE",26220,13120,13100
"KEÇİÖREN","GÜÇLÜKAYA",18900,9805,9095
"KEÇİÖREN","OSMANGAZİ",22887,11405,11482
"ÇANKAYA","CEBECİ",4826,2658,2168
"ÇANKAYA","ÖN CEBECİ",4405,2378,2027
"ÇANKAYA","DOĞUŞ",2578,1411,1167
"BALA","AKKOYUNLU",368,188,180
"BALA","DAVDANLI",241,110,131
"ÇANKAYA","AZİZİYE",10891,6069,4822
"KIZILCAHAMAM","UĞURLU",120,63,57
"ÇANKAYA","ESATOĞLU",3343,1907,1436
"KIZILCAHAMAM","KUŞCUÖREN",112,48,64
"KAHRAMANKAZAN","KUMPINAR",122,62,60
"PURSAKLAR","YENİ KARAKÖY",198,98,100
"ÇANKAYA","KIRKKONAKLAR",19185,10036,9149
"ÇANKAYA","NACİ ÇAKIR",9239,4764,4475
"ÇANKAYA","YUKARI BAHÇELİEVLER",16041,8598,7443
"ÇANKAYA","HARBİYE",19570,10338,9232
"ÇANKAYA","OSMAN TEMİZ",9645,5077,4568
"BALA","HAMİDİYE",369,161,208
"ÇANKAYA","MUHSİN ERTUĞRUL",3082,1735,1347
"ÇANKAYA","METİN AKKUŞ",2850,1473,1377
"ÇANKAYA","İŞÇİ BLOKLARI",16917,8782,8135
"ÇANKAYA","AŞIKPAŞA",9173,4755,4418
"ÇAMLIDERE","YONCATEPE",154,73,81
"SİNCAN","MALIKÖY BAŞKENT OSB",204,18,186
"ÇUBUK","ÖZLÜCE",64,27,37
"ÇANKAYA","BADEMLİDERE",2186,1112,1074
"ÇANKAYA","YILDIZEVLER",12657,6916,5741
"ÇANKAYA","YUKARI DİKMEN",8377,4424,3953
"NALLIHAN","ÖMERŞEYHLER",84,43,41
"NALLIHAN","YAZI",938,481,457
"PURSAKLAR","AYYILDIZ",2058,1056,1002
"KIZILCAHAMAM","KIZIK",47,19,28
"KIZILCAHAMAM","OĞLAKCI",74,38,36
"ÇANKAYA","HİLAL",6734,3614,3120
"ÇANKAYA","YÜCETEPE",4815,2510,2305
"ÇANKAYA","BİRLİK",30567,16464,14103
"ÇANKAYA","ŞEHİT CEVDET ÖZDEMİR",8431,4401,4030
"ÇANKAYA","ÖVEÇLER",8925,4545,4380
"SİNCAN","FEVZİ ÇAKMAK",18198,8890,9308
"ÇANKAYA","UMUT",7490,3837,3653
"AYAŞ","DERVİŞİMAM",151,69,82
"ETİMESGUT","ALTAY",13394,6867,6527
"ETİMESGUT","PİYADE",32692,16186,16506
"ÇANKAYA","OĞUZLAR",7749,3581,4168
"ÇANKAYA","ÇAVUŞLU",269,124,145
"ÇANKAYA","BAYRAKTAR",4527,2380,2147
"ÇANKAYA","KARAPINAR",9338,4808,4530
"ÇANKAYA","MALTEPE",9303,4693,4610
"ÇANKAYA","ÇANKAYA",7881,3749,4132
"KIZILCAHAMAM","YUKARIKESE",232,105,127
"ETİMESGUT","BAĞLICA",20109,10454,9655
"SİNCAN","ÇOĞLU",2480,1037,1443
"ÇANKAYA","EMEK",23360,13294,10066
"ÇANKAYA","SOKULLU MEHMET PAŞA",8541,4476,4065
"ÇANKAYA","AYRANCI",16875,9402,7473
"ÇANKAYA","ÇAYYOLU",6701,3585,3116
"ÇANKAYA","MUSTAFA KEMAL",7728,4132,3596
"KALECİK","HANÇILI",55,28,27
"POLATLI","OĞUZLAR",85,39,46
"ETİMESGUT","AŞAĞIYURTÇU",792,379,413
"ETİMESGUT","ŞEKER",9932,4896,5036
"POLATLI","KARAİLYAS",330,155,175
"ÇUBUK","HACILAR",84,39,45
"ŞEREFLİKOÇHİSAR","KALE",999,495,504
"ETİMESGUT","SÜVARİ",35353,17641,17712
"ETİMESGUT","ELVAN",25178,12595,12583
"ETİMESGUT","FEVZİYE",382,184,198
"ETİMESGUT","ŞEHİTALİ",602,267,335
"ÇUBUK","OKÇULAR",49,22,27
"ETİMESGUT","GÖKSU",30255,15423,14832
"KIZILCAHAMAM","KIŞLAK",54,23,31
"KIZILCAHAMAM","BERÇİNÇATAK",200,99,101
"ÇUBUK","KURUÇAY",265,140,125
"HAYMANA","KESİKKAVAK",52,22,30
"KIZILCAHAMAM","SARAY",65,29,36
"MAMAK","SAİMEKADIN",9485,4965,4520
"ÇUBUK","NUSRATLAR",74,40,34
"KIZILCAHAMAM","BAŞAĞAÇ",126,58,68
"KIZILCAHAMAM","DOĞANÖZÜ",30,15,15
"KIZILCAHAMAM","ÇAVUŞLAR",62,32,30
"ÇANKAYA","SANCAK",11006,5945,5061
"KEÇİÖREN","BASINEVLERİ",16046,8238,7808
"ÇANKAYA","FAKÜLTELER",6574,4319,2255
"ÇANKAYA","YAYLA",253,132,121
"KEÇİÖREN","ŞENLİK",25979,13486,12493
"ÇANKAYA","MEŞRUTİYET",696,430,266
"KEÇİÖREN","GÜZELYURT",5221,2556,2665
"ÇANKAYA","BARBAROS",5612,3202,2410
"POLATLI","ÇAMLICA",1076,525,551
"ÇANKAYA","ANITTEPE",5174,3103,2071
"ÇANKAYA","İLKER",2944,1464,1480
"ÇANKAYA","AYDINLAR",5869,3078,2791
"ÇANKAYA","GÖKTÜRK",3856,1999,1857
"KEÇİÖREN","19 MAYIS",26774,13805,12969
"KEÇİÖREN","KANUNİ",30826,15411,15415
"KEÇİÖREN","ADNAN MENDERES",15123,7711,7412
"ÇANKAYA","EHLİBEYT",2846,1529,1317
"ÇANKAYA","İLERİ",4162,2183,1979
"ÇANKAYA","CUMHURİYET",122,56,66
"ÇANKAYA","CEVİZLİDERE",13063,6742,6321
"ÇANKAYA","METİN OKTAY",5227,2684,2543
"ÇANKAYA","KONUTKENT",8929,4717,4212
"NALLIHAN","YUKARIKAVACIK",45,21,24
"KALECİK","GÖKDERE",258,117,141
"AYAŞ","BAYAT",168,84,84
"ETİMESGUT","ATAKENT",17777,9200,8577
"ŞEREFLİKOÇHİSAR","HAYDARLI",96,47,49
"ÇANKAYA","DODURGA",10938,5709,5229
"ÇANKAYA","ŞEHİT CENGİZ KARACA",7660,4034,3626
"SİNCAN","ÇİÇEKTEPE",160,75,85
"ÇANKAYA","DEVLET",9917,843,9074
"ŞEREFLİKOÇHİSAR","GÜLHÜYÜK",322,173,149
"SİNCAN","İSTASYON",12998,6464,6534
"ŞEREFLİKOÇHİSAR","AKTAŞ",44,20,24
"ŞEREFLİKOÇHİSAR","KARAMOLLAUŞAĞI",136,34,102
"AYAŞ","FERAHFAKİ",908,466,442
"SİNCAN","İSTİKLAL",872,422,450
"KIZILCAHAMAM","GÖL",11,4,7
"KIZILCAHAMAM","KARAAĞAÇ",111,49,62
"KIZILCAHAMAM","BULAK",179,89,90
"KIZILCAHAMAM","BEZCİKUZÖREN",43,21,22
"KIZILCAHAMAM","BAYIR",127,53,74
"ŞEREFLİKOÇHİSAR","CUMHURİYET",367,189,178
"ŞEREFLİKOÇHİSAR","YEŞİLOVA",1908,1088,820
"ŞEREFLİKOÇHİSAR","ŞEYH KUYUSU",410,215,195
"ŞEREFLİKOÇHİSAR","GEÇİTLİ",77,35,42
"ŞEREFLİKOÇHİSAR","HÜRRİYET",647,316,331
"ÇAMLIDERE","ORTA",62,32,30
"ÇAMLIDERE","ATÇA",166,76,90
"ÇAMLIDERE","BARDAKÇILAR",81,34,47
"NALLIHAN","ARKUTÇA",34,19,15
"GÜDÜL","KIRKKAVAK",99,51,48
"ÇANKAYA","MÜRSEL ULUÇ",17975,9178,8797
"ÇANKAYA","SEYRANBAĞLARI",6731,3557,3174
"BEYPAZARI","URUŞ",304,159,145
"ÇANKAYA","BOZTEPE",1408,698,710
"ÇANKAYA","50.YIL",639,277,362
"BALA","KOÇYAYLA",198,86,112
"ÇANKAYA","GÜZELTEPE",5995,3361,2634
"ÇANKAYA","İLKADIM",13066,6907,6159
"ÇANKAYA","MEBUSEVLERİ",4682,2317,2365
"ÇANKAYA","TOPRAKLIK",1660,1044,616
"POLATLI","ŞENTEPE",16374,8124,8250
"POLATLI","AVŞAR",40,21,19
"POLATLI","KIRANHARMANI",192,87,105
"PURSAKLAR","PEÇENEK",637,301,336
"POLATLI","ÇANAKÇI",180,91,89
"YENİMAHALLE","İVEDİKOSB",161,30,131
"ALTINDAĞ","BATTALGAZİ",34847,17362,17485
"POLATLI","SARIHALİL",179,86,93
"ÇUBUK","GÜMÜŞYAYLA",104,50,54
"YENİMAHALLE","ERGAZİ",18302,8674,9628
"BALA","TOLKÖY",600,272,328
"BALA","YAYLALIÖZÜ",284,127,157
"NALLIHAN","FATİH",1351,670,681
"KALECİK","UYURCA",69,37,32
"KAHRAMANKAZAN","AYDIN",201,103,98
"ÇAMLIDERE","BEYLER",702,344,358
"ÇAMLIDERE","MÜSELLİM",95,45,50
"ÇANKAYA","PROF. DR. AHMET TANER KIŞLALI",19338,10529,8809
"ÇANKAYA","ERZURUM",3054,1113,1941
"NALLIHAN","YENİCE",221,120,101
"ÇANKAYA","ÇUKURAMBAR",13028,6844,6184
"ÇANKAYA","DUMLUPINAR",11250,5516,5734
"ÇANKAYA","TINAZTEPE",5538,2885,2653
"ÇAMLIDERE","GÜMELE",66,34,32
"ÇANKAYA","MİMAR SİNAN",3481,1770,1711
"KALECİK","TAVŞANCIK",71,38,33
"KALECİK","AKKUZULU",120,65,55
"KALECİK","ALTINTAŞ",96,47,49
"ÇANKAYA","KEKLİK PINARI",14387,7500,6887
"ÇANKAYA","GAZİOSMANPAŞA",3595,1986,1609
"ÇANKAYA","BAĞCILAR",3051,1631,1420
"ÇANKAYA","DİLEKLER",304,131,173
"ÇAMLIDERE","ELMALI",238,104,134
"NALLIHAN","ÇİVE",81,37,44
"KEÇİÖREN","YEŞİLÖZ",2466,1260,1206
"ÇAMLIDERE","OSMANSİN",295,152,143
"KIZILCAHAMAM","ÜÇBAŞ",142,68,74
"KIZILCAHAMAM","YANIKÖZBEKLER",181,98,83
"KIZILCAHAMAM","CİĞİRLER",126,54,72
"KIZILCAHAMAM","AŞAĞIÇANLI",38,18,20
"KIZILCAHAMAM","YILDIRIMÖREN",63,25,38
"KIZILCAHAMAM","EĞERLİALÖREN",207,100,107
"KIZILCAHAMAM","SALIN",531,252,279
"KIZILCAHAMAM","BELPINAR",119,63,56
"KIZILCAHAMAM","TURNALI",15,8,7
"MAMAK","DİRİLİŞ",9428,4711,4717
"POLATLI","ÜÇPINAR",168,73,95
"ÇAMLIDERE","YAYALAR",432,210,222
"MAMAK","YUKARI İMROHOR",202,95,107
"KEÇİÖREN","KAFKAS",13051,6524,6527
"ALTINDAĞ","AYDINLIKEVLER",26060,14011,12049
"ALTINDAĞ","AYDINCIK",176,77,99
"SİNCAN","TÖREKENT",13124,6360,6764
"SİNCAN","AHİ EVRAN",11690,5799,5891
"KIZILCAHAMAM","YUKARIHÜYÜK",24,14,10
"ÇUBUK","DAĞKALAFAT",89,51,38
"ALTINDAĞ","GÜNEŞEVLER",36610,18592,18018
"ETİMESGUT","TURKUAZ",10206,5157,5049
"POLATLI","FATİH",11010,5699,5311
"POLATLI","YENİ",3434,1784,1650
"KEÇİÖREN","ÇALSEKİ",43,19,24
"ÇANKAYA","KIZILIRMAK",6410,3275,3135
"SİNCAN","ERTUĞRULGAZİ",16165,8215,7950
"ŞEREFLİKOÇHİSAR","BALTALI",35,17,18
"ÇAMLIDERE","YAHYALAR",148,75,73
"ETİMESGUT","ERYAMAN",30879,16015,14864
"SİNCAN","FATİH",12967,6638,6329
"SİNCAN","ADALET",12345,1768,10577
"SİNCAN","MARAŞAL ÇAKMAK",34934,17553,17381
"SİNCAN","YENİHİSAR",225,108,117
"SİNCAN","ATATÜRK",22243,11096,11147
"SİNCAN","MENDERES",19071,9415,9656
"KIZILCAHAMAM","ÇELTİKÇİ AKÇAÖREN",54,24,30
"KIZILCAHAMAM","DOYMUŞÖREN",29,12,17
"KIZILCAHAMAM","ORTAKÖY",113,53,60
"KIZILCAHAMAM","YAĞCIHÜSEYİN",228,110,118
"ŞEREFLİKOÇHİSAR","MUSTAFACIK",920,422,498
"ŞEREFLİKOÇHİSAR","MEHMET AKİF ERSOY",1278,649,629
"YENİMAHALLE","DEMETGÜL",22076,11157,10919
"BEYPAZARI","YUKARIULUCAK",157,80,77
"KEÇİÖREN","ETLİK",32759,17129,15630
"KEÇİÖREN","EMRAH",9342,4674,4668
"YENİMAHALLE","KARŞIYAKA",11027,5485,5542
"BEYPAZARI","ZAFER",1330,673,657
"BALA","TATARHÜYÜK",152,73,79
"PURSAKLAR","YILDIRIM BEYAZIT",1368,673,695
"YENİMAHALLE","BARIŞ",2749,1490,1259
"YENİMAHALLE","YUNUS EMRE",9218,4810,4408
"NALLIHAN","ÖŞÜRLER",35,16,19
"NALLIHAN","BEYALAN",46,20,26
"AYAŞ","ULUPINAR",64,28,36
"YENİMAHALLE","BEŞTEPE",11992,7695,4297
"ÇUBUK","YILMAZKÖY",113,54,59
"ÇUBUK","DURHASAN",121,61,60
"ELMADAĞ","YENİPINAR",1360,649,711
"ELMADAĞ","İSTASYON",511,256,255
"MAMAK","HÜREL",10456,5318,5138
"KEÇİÖREN","YAKACIK",13644,7211,6433
"KEÇİÖREN","KÖŞK",10800,5488,5312
"ÇANKAYA","ÇAMLITEPE",6251,3444,2807
"ÇUBUK","AŞAĞIOBRUK",38,17,21
"ALTINDAĞ","ZÜBEYDE HANIM",15606,7465,8141
"ÇUBUK","BARBAROS",6861,3424,3437
"ŞEREFLİKOÇHİSAR","SARIKAYA",690,366,324
"MAMAK","KARTALTEPE",6970,3569,3401
"ŞEREFLİKOÇHİSAR","SANAYİ",1605,692,913
"MAMAK","LALAHAN",2841,1359,1482
"MAMAK","MEHTAP",7637,3809,3828
"KIZILCAHAMAM","DEMİRCİÖREN",64,35,29
"KIZILCAHAMAM","İNCEĞEZ",48,20,28
"KAHRAMANKAZAN","KANUNİ SULTAN SÜLEYMAN",485,221,264
"ŞEREFLİKOÇHİSAR","CINGIL",76,40,36
"ŞEREFLİKOÇHİSAR","ÇATÇAT",16,7,9
"ÇUBUK","YEŞİLKENT",84,42,42
"ÇUBUK","EĞRİEKİN",73,37,36
"ÇAMLIDERE","YAHŞİHAN",69,32,37
"ÇAMLIDERE","BAYINDIR",93,45,48
"NALLIHAN","DEREKÖY",92,43,49
"ÇAMLIDERE","ELDELEK",118,53,65
"ÇAMLIDERE","YILANLI",110,55,55
"ÇAMLIDERE","DAĞKUZÖREN",192,92,100
"BALA","EĞRİBASAN",97,41,56
"KALECİK","DEĞİRMENKAYA",216,104,112
"KALECİK","GÖKÇEÖREN",84,43,41
"KALECİK","KOYUNBABA",163,85,78
"KALECİK","YENİDOĞAN YEŞİLYURT",235,110,125
"KALECİK","HASAYAZ",153,77,76
"KIZILCAHAMAM","AŞAĞIHÜYÜK",129,62,67
"KIZILCAHAMAM","KURUMCU",75,41,34
"KALECİK","MAHMUTLAR",186,87,99
"KIZILCAHAMAM","GÜMELE",171,81,90
"KIZILCAHAMAM","KOCALAR",22,14,8
"KIZILCAHAMAM","KALEMLER",59,27,32
"KIZILCAHAMAM","YUKARIÇANLI",174,87,87
"KIZILCAHAMAM","BİNKOZ",51,22,29
"KIZILCAHAMAM","AKÇAKESE",34,16,18
"KIZILCAHAMAM","TAHTALAR",34,13,21
"KIZILCAHAMAM","ŞAHİNLER",114,44,70
"KIZILCAHAMAM","SAZAK",106,48,58
"ŞEREFLİKOÇHİSAR","KARABÜK",81,40,41
"KAHRAMANKAZAN","YAZIBEYLİ",196,100,96
"KAHRAMANKAZAN","YAKUPDERVİŞ",99,45,54
"PURSAKLAR","MİMAR SİNAN",25743,12720,13023
"KAHRAMANKAZAN","İMRENDİ",913,430,483
"KAHRAMANKAZAN","ATATÜRK",31600,15703,15897
"KAHRAMANKAZAN","YASSIÖREN",158,71,87
"PURSAKLAR","SİRKELİ YEŞİLOVA",782,380,402
"YENİMAHALLE","ERGENEKON",15400,7773,7627
"KALECİK","KEKLİCEK",42,19,23
"PURSAKLAR","SARAY GÜMÜŞOLUK",1265,605,660
"ETİMESGUT","DEVLET",12794,6552,6242
"NALLIHAN","ULUKÖY",137,66,71
"KALECİK","AHİLER YENİCE",127,62,65
"KALECİK","BUĞRA",144,80,64
"AYAŞ","İLHANKÖY",267,142,125
"AYAŞ","TEKKE",330,142,188
"POLATLI","KIZILCAKIŞLA",104,45,59
"POLATLI","TÜFEKÇİOĞLU",135,66,69
"POLATLI","KAYABAŞI",113,43,70
"POLATLI","KARAPINAR",391,186,205
"YENİMAHALLE","YENİ BATI",33978,17579,16399
"POLATLI","KARABENLİ",119,57,62
"POLATLI","SAZLAR",268,131,137
"POLATLI","BASRI",1949,946,1003
"YENİMAHALLE","KARACAKAYA",2340,1186,1154
"YENİMAHALLE","TURGUT ÖZAL",57692,29236,28456
"POLATLI","BEYCEĞİZ",216,95,121
"AYAŞ","BAŞAYAŞ",205,99,106
"POLATLI","KOCAHACILI",87,34,53
"POLATLI","TÜRKTACİRİ",264,121,143
"ŞEREFLİKOÇHİSAR","FADILLI",102,53,49
"ÇUBUK","KUYUMCU",66,28,38
"ŞEREFLİKOÇHİSAR","ŞEYHLİ",68,35,33
"ŞEREFLİKOÇHİSAR","DELİLLER",117,56,61
"ÇUBUK","KAVAKLI",65,37,28
"ÇUBUK","FATİH",553,283,270
"ÇUBUK","AKKUZULU",2879,1388,1491
"ÇUBUK","KIZILÖZ",60,27,33
"ÇUBUK","KARAÇAM",36,17,19
"YENİMAHALLE","PAMUKLAR",18396,9456,8940
"YENİMAHALLE","ANADOLU",7111,3494,3617
"YENİMAHALLE","TEPEALTI",5516,2916,2600
"YENİMAHALLE","UĞUR MUMCU",19373,10121,9252
"YENİMAHALLE","GÜZELYAKA",8003,4062,3941
"YENİMAHALLE","BARIŞTEPE",12193,6153,6040
"ELMADAĞ","TEKKE",136,69,67
"ELMADAĞ","YUKARIKAMIŞLI",43,23,20
"ELMADAĞ","SÜLEYMANLI",213,98,115
"YENİMAHALLE","KARDELEN",37470,19576,17894
"YENİMAHALLE","İNÖNÜ",17031,8879,8152
"YENİMAHALLE","EMNİYET",7053,4395,2658
"YENİMAHALLE","BATI SİTESİ",12219,6300,5919
"YENİMAHALLE","RAGIP TÜZÜN",3495,1813,1682
"YENİMAHALLE","ÖZEVLER",12227,6312,5915
"ŞEREFLİKOÇHİSAR","BÜYÜKKIŞLA",345,161,184
"YENİMAHALLE","YEŞİLEVLER",17190,8851,8339
"HAYMANA","DEVECİPINARI",41,17,24
"HAYMANA","İNCİRLİ",80,33,47
"ÇUBUK","OYUMİĞDE",86,38,48
"ÇUBUK","YİĞİTLİ",85,42,43
"POLATLI","AVDANLI",76,36,40
"POLATLI","HACIMUSA",188,76,112
"POLATLI","ÖZYURT",254,120,134
"AYAŞ","ILICA",539,266,273
"YENİMAHALLE","ATA",28807,14554,14253
"YENİMAHALLE","OSTİM",3552,1831,1721
"YENİMAHALLE","ÇİĞDEMTEPE",17593,8875,8718
"ŞEREFLİKOÇHİSAR","PALAZOBASI",90,42,48
"ŞEREFLİKOÇHİSAR","YAZISÖĞÜT",49,26,23
"ÇAMLIDERE","TATLAK",136,55,81
"POLATLI","GÜNDOĞAN",80,32,48
"POLATLI","ÖMERLER",436,229,207
"POLATLI","KARAHAMZALI",784,363,421
"POLATLI","UZUNBEY",419,189,230
"POLATLI","YÜZÜKBAŞI",210,97,113
"POLATLI","YAĞCIOĞLU",200,90,110
"ÇUBUK","YUKARIOBRUK",36,17,19
"ÇUBUK","OVACIK",135,70,65
"ÇUBUK","YILDIRIMAYDOĞAN",57,24,33
"ÇUBUK","ÇATOKCULAR",118,57,61
"MAMAK","ŞİRİNTEPE",8992,4469,4523
"MAMAK","YENİ BAYINDIR",14191,7074,7117
"MAMAK","BOSTANCIK",3746,1786,1960
"MAMAK","EGE",13679,6935,6744
"ŞEREFLİKOÇHİSAR","EMEK",2646,1325,1321
"ŞEREFLİKOÇHİSAR","BOĞAZİÇİ",757,392,365
"ŞEREFLİKOÇHİSAR","KADINCIK",101,52,49
"YENİMAHALLE","MACUN",2510,1224,1286
"POLATLI","KARAKAYA",72,37,35
"POLATLI","İSTİKLAL",5245,2405,2840
"YENİMAHALLE","OSTİM OSB",2149,1020,1129
"KEÇİÖREN","PINARBAŞI",32807,17256,15551
"KEÇİÖREN","KUŞCAĞIZ",46377,23646,22731
"YENİMAHALLE","VARLIK",5181,2521,2660
"KEÇİÖREN","YAYLA",46071,23418,22653
"KEÇİÖREN","OVACIK",5074,2504,2570
"KEÇİÖREN","KARARGAHTEPE",12901,6706,6195
"KEÇİÖREN","HİSAR",12294,6120,6174
"KEÇİÖREN","TEPEBAŞI",22620,11832,10788
"KEÇİÖREN","KALABA",11204,5787,5417
"KEÇİÖREN","KAMİL OCAK",15027,7604,7423
"KEÇİÖREN","KAVACIK SUBAYEVLERİ",17061,9003,8058
"KEÇİÖREN","GÜMÜŞDERE",2554,1164,1390
"KEÇİÖREN","HASKÖY",4530,2336,2194
"KEÇİÖREN","ŞEFKAT",16222,8361,7861
"KEÇİÖREN","AYVALI",39536,20153,19383
"ÇANKAYA","KÜLTÜR",3993,2218,1775
"ŞEREFLİKOÇHİSAR","MUSULAR",47,21,26
"ŞEREFLİKOÇHİSAR","AKİN",232,117,115
"ÇAMLIDERE","MUZRUPAĞACIN",190,100,90
"ŞEREFLİKOÇHİSAR","TUZLA",1415,702,713
"ALTINDAĞ","KALE",4218,1900,2318
"ALTINDAĞ","ATIFBEY",2765,1240,1525
"ALTINDAĞ","HACI BAYRAM",7350,2881,4469
"ALTINDAĞ","ÖRNEK",19937,10056,9881
"ÇAMLIDERE","BUĞRALAR",303,154,149
"KIZILCAHAMAM","SÜLELER",230,104,126
"KIZILCAHAMAM","TAŞLICA",76,36,40
"KIZILCAHAMAM","BALCILAR",105,51,54
"KIZILCAHAMAM","DEĞİRMENÖNÜ",76,31,45
"KIZILCAHAMAM","BERÇİNYAYALAR",122,58,64
"KIZILCAHAMAM","GEBELER",96,47,49
"ÇUBUK","YAKUPHASAN",103,51,52
"ÇUBUK","YILDIRIMELÖREN",139,77,62
"ÇANKAYA","EVCİLER",166,83,83
"ÇANKAYA","ORTA İMRAHOR",264,132,132
"ÇANKAYA","ERTUĞRULGAZİ",6741,3347,3394
"ÇANKAYA","İNCESU",3102,1576,1526
"ÇANKAYA","YAŞAMKENT",22573,11842,10731
"ÇANKAYA","MUTLUKENT",20316,10897,9419
"AKYURT","KARAYATAK",77,36,41
"AKYURT","HAYDAR",110,55,55
"KALECİK","YILANLI",134,79,55
"ÇUBUK","KIZILÖREN",56,27,29
"ÇUBUK","KIŞLACIK",180,91,89
"ÇUBUK","ULUAĞAÇ",73,38,35
"ÇUBUK","CUMHURİYET",18662,9391,9271
"MAMAK","GENERAL ZEKİ DOĞAN",32406,16530,15876
"BALA","KESİKKÖPRÜ",806,381,425
"BALA","SOFULAR",655,286,369
"BALA","KARTALTEPE",957,451,506
"NALLIHAN","KURUCA",106,55,51
"NALLIHAN","DANİŞMENT",87,42,45
"NALLIHAN","BEYCİK",87,40,47
"AKYURT","UZUNLAR",80,34,46
"ETİMESGUT","BALIKUYUMCU",580,291,289
"ETİMESGUT","YENİ BAĞLICA",21064,10840,10224
"ETİMESGUT","30 AĞUSTOS",24116,12078,12038
"SİNCAN","OSMANİYE",743,369,374
"POLATLI","ESKİPOLATLI",143,68,75
"ETİMESGUT","FATİH SULTAN",4267,2315,1952
"ETİMESGUT","ŞEHİT OSMAN AVCI",23673,11617,12056
"ETİMESGUT","İSTASYON",25155,12395,12760
"ETİMESGUT","ATAYURT",16749,8352,8397
"POLATLI","POYRAZ",300,148,152
"ETİMESGUT","AHİ MESUT",32921,16689,16232
"ETİMESGUT","GÜZELKENT",15386,7950,7436
"ETİMESGUT","YUKARIYURTÇU",1905,924,981
"ETİMESGUT","AYYILDIZ",16611,8397,8214
"KIZILCAHAMAM","GÜNEYSARAY",74,39,35
"KIZILCAHAMAM","SEMER",352,164,188
"MAMAK","KARAAĞAÇ",6958,3439,3519
"MAMAK","BAHÇELERİÇİ",7984,4040,3944
"KIZILCAHAMAM","BADEMLİ",56,27,29
"KIZILCAHAMAM","ALPAGUT",98,51,47
"KIZILCAHAMAM","ALİBEY",36,16,20
"KIZILCAHAMAM","YAKAKAYA",78,39,39
"KIZILCAHAMAM","AKÇAY",5813,2942,2871
"KIZILCAHAMAM","ÇEŞTEPE",86,39,47
"KIZILCAHAMAM","KIRKÖY",117,63,54
"KIZILCAHAMAM","HIDIRLAR",126,52,74
"KIZILCAHAMAM","KASIMLAR",94,41,53
"KEÇİÖREN","ESERTEPE",34157,17376,16781
"KEÇİÖREN","İNCİRLİ",30811,15983,14828
"KEÇİÖREN","YEŞİLTEPE",15078,7620,7458
"KEÇİÖREN","ÇİÇEKLİ",11091,5926,5165
"KEÇİÖREN","BADEMLİK",24595,12479,12116
"KEÇİÖREN","SARIBEYLER",87,44,43
"KEÇİÖREN","ŞEHİT KUBİLAY",33298,16621,16677
"KEÇİÖREN","AŞAĞI EĞLENCE",24655,13088,11567
"KEÇİÖREN","BAĞLARBAŞI",34977,17694,17283
"MAMAK","BAHÇELERÜSTÜ",13113,6672,6441
"ÇANKAYA","BÜYÜKESAT",8715,4743,3972
"ÇANKAYA","ZAFERTEPE",2368,1171,1197
"POLATLI","TÜRKKARSAK",228,109,119
"ÇANKAYA","KARATAŞ",720,348,372
"KAHRAMANKAZAN","İNE",59,20,39
"POLATLI","ÇEKİRDEKSİZ",187,92,95
"POLATLI","ŞEYHALİ",173,69,104
"POLATLI","YENİCE",129,56,73
"POLATLI","YARALI",132,57,75
"POLATLI","KARAYAVŞAN",85,40,45
"POLATLI","İĞCİLER",477,201,276
"POLATLI","SABANCA",92,41,51
"POLATLI","CUMHURİYET",10080,5184,4896
"POLATLI","KUŞCU",349,147,202
"POLATLI","BEŞKÖPRÜ",118,53,65
"SİNCAN","AHİ EVRAN OSB",83,27,56
"POLATLI","SİNANLI",91,46,45
"POLATLI","KARACAAHMET",257,118,139
"POLATLI","ESKİKÖSELER",244,116,128
"POLATLI","KARGALI",402,186,216
"POLATLI","YENİDOĞAN",99,42,57
"POLATLI","ŞIHAHMETLİ",348,147,201
"KIZILCAHAMAM","PAZAR BAŞÖREN",56,27,29
"POLATLI","KABAK",165,79,86
"POLATLI","İNLER",362,155,207
"POLATLI","GÜREŞ",205,100,105
"KALECİK","KIZILKAYA",67,30,37
"POLATLI","TOYDEMİR",44,18,26
"POLATLI","YILDIZLI",139,64,75
"KEÇİÖREN","SANCAKTEPE",19892,10002,9890
"KALECİK","HACIKÖY",233,121,112
"POLATLI","ŞABANÖZÜ",501,244,257
"POLATLI","ESKİKARSAK",167,80,87
"KALECİK","ARKBÜRK",88,39,49
"POLATLI","BABAYAKUP",231,107,124
"POLATLI","SARIOBA",616,283,333
"POLATLI","GÜLPINAR",165,81,84
"KALECİK","ALİBEYLİ",179,82,97
"POLATLI","SAKARYA",178,93,85
"POLATLI","YASSIHÜYÜK",205,86,119
"POLATLI","TATLIKUYU",173,81,92
"POLATLI","KARAAHMET",252,113,139
"POLATLI","SİVRİ",153,76,77
"POLATLI","GENÇALİ",189,91,98
"AYAŞ","EMİNE TEVFİKA AYAŞLI",943,460,483
"POLATLI","YEŞİLÖZ",270,125,145
"POLATLI","GÜLVEREN",1850,890,960
"POLATLI","MÜSLÜM",302,150,152
"POLATLI","ÖRDEKGÖLÜ",109,49,60
"POLATLI","KARAKUYU",104,53,51
"POLATLI","HACIOSMANOĞLU",173,83,90
"BEYPAZARI","HAYDARLAR",27,10,17
"POLATLI","YAĞMURBABA",68,33,35
"POLATLI","SİNCİK",139,65,74
"ÇANKAYA","KORKUTREİS",1085,545,540
"ALTINDAĞ","ULUBEY",4309,2085,2224
"POLATLI","HACIMUSLU",158,76,82
"POLATLI","HACITUĞRUL",193,94,99
"KEÇİÖREN","UYANIŞ",19080,9729,9351
"SİNCAN","HÜRRİYET",2254,1140,1114
"KIZILCAHAMAM","ÇELTİKÇİ BAŞÖREN",46,21,25
"KEÇİÖREN","ŞENYUVA",8842,4465,4377
"KEÇİÖREN","KÖSRELİK",219,103,116
"KALECİK","ÇİFTLİKKÖY",165,86,79
"KEÇİÖREN","KARŞIYAKA",6937,3403,3534
"KEÇİÖREN","UFUKTEPE",17986,8996,8990
"KEÇİÖREN","ÇALDIRAN",14380,7239,7141
"ÇANKAYA","ORAN",11894,6410,5484
"ÇANKAYA","AŞAĞI ÖVEÇLER",8154,4145,4009
"ÇANKAYA","ÇİĞDEM",13114,6898,6216
"ÇANKAYA","İLKBAHAR",15596,8167,7429
"ÇANKAYA","REMZİ OĞUZ ARIK",5102,2925,2177
"ÇANKAYA","TOHUMLAR",322,107,215
"ÇANKAYA","MALAZGİRT",6211,3161,3050
"ÇANKAYA","MURAT",3462,1845,1617
"SİNCAN","CUMHURİYET",1563,749,814
"ÇANKAYA","KARAHASANLI",266,126,140
"ÇANKAYA","YUKARI ÖVEÇLER",3918,2010,1908
"ÇANKAYA","BAHÇELİEVLER",10917,6439,4478
"ÇANKAYA","HUZUR",17111,8871,8240
"ÇANKAYA","KAZIM ÖZALP",5192,2697,2495
"ÇANKAYA","KÖMÜRCÜ",108,51,57
"ÇANKAYA","ÜMİT",14302,7744,6558
"BEYPAZARI","BAŞAĞAÇ",7691,3903,3788
"ÇANKAYA","AHLATLIBEL",10613,2506,8107
"YENİMAHALLE","ÇARŞI",4130,2242,1888
"ÇANKAYA","AŞAĞI İMRAHOR",163,78,85
"ETİMESGUT","ORHUN",401,209,192
"ÇANKAYA","YAKUPABDAL",4098,1969,2129
"ÇANKAYA","ETİ",2530,1489,1041
"ÇANKAYA","GÖKKUŞAĞI",8515,4345,4170
"ÇANKAYA","SÖĞÜTÖZÜ",5759,1810,3949
"ÇANKAYA","ALACAATLI",41522,21428,20094
"ÇANKAYA","GÜVENEVLER",8990,5106,3884
"ÇANKAYA","100.YIL",5439,3029,2410
"ETİMESGUT","ALSANCAK",27925,13857,14068
"ÇUBUK","AKBAYIR",81,40,41
"ÇANKAYA","YEŞİLKENT",533,238,295
"ÇANKAYA","AKPINAR",12498,6422,6076
"HAYMANA","SEYRAN",2215,1102,1113
"ÇANKAYA","ÜNİVERSİTELER",30148,16699,13449
"ÇANKAYA","BEYTEPE",13180,6872,6308
"AKYURT","AHMETADİL",291,134,157
"KIZILCAHAMAM","KARACAÖREN",110,49,61
"AKYURT","TİMURHAN",512,255,257
"AKYURT","BEYAZIT",5505,2734,2771
"AKYURT","ELECİK",395,197,198
"SİNCAN","GAZİ OSMANPAŞA",17069,8723,8346
"AKYURT","YEŞİLTEPE",4626,2275,2351
"HAYMANA","KERPİÇ",745,357,388
"MAMAK","KUTLUDÜĞÜN",4599,2252,2347
"KALECİK","KARALAR",64,29,35
"AKYURT","KIZIK",873,425,448
"AKYURT","GÜZELHİSAR",952,462,490
"MAMAK","KARŞIYAKA",2557,1282,1275
"AKYURT","ÇINAR",245,111,134
"AKYURT","TEBERİK",161,78,83
"AKYURT","SARACALAR",1153,537,616
"AKYURT","SAMUT",137,63,74
"AKYURT","CÜCÜK",426,195,231
"AKYURT","BÜĞDÜZ",996,478,518
"AKYURT","KARACAKAYA",185,88,97
"AKYURT","ÇAM",66,32,34
"AKYURT","ŞEYHLER",108,52,56
"AKYURT","YILDIRIM",17548,8650,8898
"AKYURT","KARACALAR",185,85,100
"ETİMESGUT","ETİLER",8804,4442,4362
"AKYURT","GALABA",1137,549,588
"AKYURT","ÇARDAKBAĞI",108,46,62
"ETİMESGUT","YEŞİLOVA",6172,3014,3158
"AKYURT","BALIKHİSAR",974,473,501
"AKYURT","KOZAYAĞI",190,87,103
"ETİMESGUT","BAHÇEKAPI",4970,1574,3396
"ETİMESGUT","OĞUZLAR",15814,8093,7721
"AKYURT","ATATÜRK",1548,746,802
"ETİMESGUT","TUNAHAN",22240,11637,10603
"EVREN","İNEBEYLİ",85,39,46
"ETİMESGUT","ERLER",10892,3645,7247
"ETİMESGUT","YAPRACIK",7228,3662,3566
"EVREN","ESENTEPE",473,239,234
"PURSAKLAR","YUVA",100,52,48
"EVREN","YENİ",473,239,234
"EVREN","CEBİRLİ",179,95,84
"EVREN","MODERN",543,283,260
"EVREN","DEMİRAYAK",52,28,24
"EVREN","ALTINBAŞAK",182,92,90
"EVREN","YUSUFUŞAĞI",138,66,72
"SİNCAN","GAZİ",1258,625,633
"SİNCAN","YENİPEÇENEK",280,137,143
"EVREN","ÇATALPINAR",198,104,94
"EVREN","SOLAKUŞAĞI",121,55,66
"SİNCAN","ALCI",406,178,228
"PURSAKLAR","MERKEZ",36963,18552,18411
"EVREN","ŞERAFETTİN YILMAZ",293,147,146
"EVREN","İBRAHİMBEYLİ",199,98,101
"SİNCAN","TATLAR",137,70,67
"KALECİK","TİLKİ",32,17,15
"EVREN","ESKİTORUNOBASI",29,16,13
"SİNCAN","BACI",193,86,107
"BALA","TEPEKÖY",115,50,65
"SİNCAN","ALAGÖZ",182,72,110
"SİNCAN","BEYOBASI",684,331,353
"SİNCAN","ÜCRET",317,154,163
"SİNCAN","GİRMEÇ",114,58,56
"SİNCAN","İNCİRLİK",52,23,29
"SİNCAN","KESİKTAŞ",65,37,28
"SİNCAN","MUSTAFA KEMAL",35880,17740,18140
"SİNCAN","YENİÇİMŞİT",985,451,534
"SİNCAN","HİSARLIKAYA",412,202,210
"SİNCAN","OSMANLI",21138,10705,10433
"SİNCAN","SELÇUKLU",30889,15362,15527
"SİNCAN","SARAYCIK",17606,8718,8888
"SİNCAN","PINARBAŞI",44747,22116,22631
"KALECİK","GÖLKÖY",226,107,119
"SİNCAN","ANDİÇEN",19985,10040,9945
"SİNCAN","TANDOĞAN",31516,15525,15991
"SİNCAN","POLATLAR",156,68,88
"SİNCAN","ÇOKÖREN",637,316,321
"SİNCAN","MALIKÖY",659,331,328
"SİNCAN","ANAYURT",239,114,125
"KIZILCAHAMAM","YILDIRIMHACILAR",91,39,52
"SİNCAN","TÜRKOBASI",454,221,233
"NALLIHAN","KABACA",174,88,86
"KIZILCAHAMAM","ÖRENCİK",178,104,74
"KIZILCAHAMAM","PAZAR",248,115,133
"SİNCAN","YENİKAYI",230,92,138
"SİNCAN","AKÇAÖREN",171,73,98
"SİNCAN","ERKEKSU",83,36,47
"KIZILCAHAMAM","ÇELTİKÇİ",308,154,154
"KIZILCAHAMAM","PAZAR KINIK",100,40,60
"KIZILCAHAMAM","ÇELTİKÇİ KINIK",63,33,30
"KIZILCAHAMAM","YILDIRIMYAĞLICA",37,17,20
"KIZILCAHAMAM","YILDIRIMDEMİRCİLER",38,20,18
"KIZILCAHAMAM","BEŞKONAK",274,126,148
"KIZILCAHAMAM","ÇUKURÖREN",85,29,56
"KIZILCAHAMAM","ÜYÜCEK",25,14,11
"KIZILCAHAMAM","OTACI",236,111,125
"KIZILCAHAMAM","AKSAK",41,21,20
"KIZILCAHAMAM","EĞERLİBAŞKÖY",429,209,220
"KIZILCAHAMAM","İĞMİR",66,29,37
"BEYPAZARI","AŞAĞIGÜNEY",26,15,11
"KIZILCAHAMAM","EĞERLİDERE",256,124,132
"KIZILCAHAMAM","ÇIRPAN",69,29,40
"KIZILCAHAMAM","YUKARIKARAÖREN",197,95,102
"NALLIHAN","KADIKÖY",38,17,21
"KIZILCAHAMAM","OLUCAK",51,25,26
"KIZILCAHAMAM","YUKARIADA",48,22,26
"KIZILCAHAMAM","İSMETPAŞA",963,453,510
"KIZILCAHAMAM","GÖKBEL",98,43,55
"KIZILCAHAMAM","YILDIRIMÇATAK",44,22,22
"KIZILCAHAMAM","GAZİ MUSTAFA KEMALPAŞA",163,72,91
"ŞEREFLİKOÇHİSAR","KACARLI",292,138,154
"KIZILCAHAMAM","KIZILCAÖREN",231,113,118
"KIZILCAHAMAM","MAHKEMEAĞCİN",54,30,24
"KALECİK","HALİTCEVRİASLANGİL",2652,1172,1480
"ŞEREFLİKOÇHİSAR","DEVEKOVAN",319,156,163
"ŞEREFLİKOÇHİSAR","ALİUŞAĞI",268,127,141
"ŞEREFLİKOÇHİSAR","ÇALÖREN",427,213,214
"BEYPAZARI","MİKAİL",61,27,34
"ŞEREFLİKOÇHİSAR","YEŞİLYURT",88,45,43
"YENİMAHALLE","KAYALAR",9374,4729,4645
"ŞEREFLİKOÇHİSAR","ACIKUYU",114,47,67
"ŞEREFLİKOÇHİSAR","YALNIZPINAR",115,54,61
"ŞEREFLİKOÇHİSAR","ELEY",77,46,31
"ŞEREFLİKOÇHİSAR","ODUNBOĞAZI",57,25,32
"ŞEREFLİKOÇHİSAR","SEYMENLİ",87,43,44
"ŞEREFLİKOÇHİSAR","PARLASAN",119,53,66
"ŞEREFLİKOÇHİSAR","SADIKLI",141,68,73
"ŞEREFLİKOÇHİSAR","HACIBEKTAŞLI",59,26,33
"ŞEREFLİKOÇHİSAR","BAĞOBASI",40,17,23
"ŞEREFLİKOÇHİSAR","AKARCA",147,62,85
"ŞEREFLİKOÇHİSAR","ACIÖZ",51,18,33
"ŞEREFLİKOÇHİSAR","AKSEKİ",933,469,464
"ŞEREFLİKOÇHİSAR","ÇAVUŞKÖY",99,49,50
"ŞEREFLİKOÇHİSAR","ŞANLIKIŞLA",304,146,158
"ŞEREFLİKOÇHİSAR","DOĞANKAYA",115,59,56
"ŞEREFLİKOÇHİSAR","KARANDERE",220,94,126
"ŞEREFLİKOÇHİSAR","ŞEREFLİDAVUTLU",113,54,59
"ŞEREFLİKOÇHİSAR","HACIENBİYA",2473,1218,1255
"ŞEREFLİKOÇHİSAR","YENİ",2259,1154,1105
"ŞEREFLİKOÇHİSAR","ÜZENGİLİK",168,88,80
"ŞEREFLİKOÇHİSAR","ÇAYIRÖNÜ",50,26,24
"ŞEREFLİKOÇHİSAR","ŞEKERKÖY",134,63,71
"ŞEREFLİKOÇHİSAR","YUSUFKUYUSU",41,17,24
"ŞEREFLİKOÇHİSAR","BÜYÜKDAMLACIK",228,107,121
"ŞEREFLİKOÇHİSAR","KÜÇÜKDAMLACIK",131,56,75
"ÇAMLIDERE","AVDAN",135,69,66
"ÇAMLIDERE","BEŞBEYLER",264,127,137
"ÇAMLIDERE","PEÇENEK",214,106,108
"ÇAMLIDERE","SARIKAVAK",244,100,144
"ÇAMLIDERE","ELÖREN",74,38,36
"ÇAMLIDERE","DÖRTKONAK",287,135,152
"ÇAMLIDERE","KUYUBAŞI",49,15,34
"ÇAMLIDERE","BÜKELER",130,60,70
"ÇAMLIDERE","AHATLAR",93,43,50
"ÇAMLIDERE","ELVANLAR",93,45,48
"KALECİK","ELMAPINAR",90,41,49
"ÇAMLIDERE","KAYABAŞI",507,223,284
"ÇAMLIDERE","ALAKOÇ",134,52,82
"ÇAMLIDERE","DOYMUŞ",78,31,47
"ÇAMLIDERE","KUŞÇULAR",95,39,56
"KALECİK","GÜMÜŞPINAR",134,60,74
"ÇAMLIDERE","ÖMERAĞA",465,216,249
"ÇAMLIDERE","MEŞELER",90,38,52
"ÇAMLIDERE","ÖZMÜŞ",184,84,100
"ÇAMLIDERE","KÖRLER",250,136,114
"ÇAMLIDERE","ÖRENKÖY",85,32,53
"ÇAMLIDERE","İNCEÖZ",53,26,27
"KALECİK","ŞEYHMAHMUT",17,5,12
"ÇAMLIDERE","AKKAYA",103,33,70
"KALECİK","CUMA SARAY",589,289,300
"ÇAMLIDERE","DOĞANLAR",274,143,131
"ÇAMLIDERE","YEDİÖREN",59,29,30
"ÇAMLIDERE","GÜNEY",75,31,44
"ÇAMLIDERE","ÇAMKÖY",134,67,67
"ÇAMLIDERE","AVŞARLAR",75,27,48
"BEYPAZARI","KARGI",47,25,22
"ÇAMLIDERE","ÇUKURÖREN",243,123,120
"GÜDÜL","SAPANLI",89,47,42
"GÜDÜL","GÜZEL",118,61,57
"GÜDÜL","YENİ",806,411,395
"BALA","KESİKKÖPRÜ KIZILIRMAK",474,236,238
"GÜDÜL","AFŞAR",65,34,31
"GÜDÜL","YUKARI",1107,509,598
"YENİMAHALLE","KALETEPE",10358,5167,5191
"GÜDÜL","KADIOBASI",91,46,45
"GÜDÜL","KARACAÖREN",425,215,210
"GÜDÜL","TAHTACIÖRENCİK",223,109,114
"GÜDÜL","BOYALI",238,121,117
"GÜDÜL","TAŞÖREN",83,42,41
"BEYPAZARI","DİBEKÖREN",53,26,27
"GÜDÜL","ÇUKURÖREN",157,75,82
"GÜDÜL","ÖZKÖY",64,31,33
"BEYPAZARI","KAPLAN",45,22,23
"GÜDÜL","YELLİ",130,69,61
"GÜDÜL","AKBAŞ",150,78,72
"BEYPAZARI","YEŞİLAĞAÇ",380,151,229
"ÇUBUK","MUHSİN YAZICIOĞLU",1389,659,730
"GÜDÜL","HACILAR",83,43,40
"GÜDÜL","MEYVABÜKÜ",59,26,33
"GÜDÜL","AŞAĞI",271,135,136
"BEYPAZARI","KOZAĞAÇ",48,29,19
"BEYPAZARI","BAĞÖZÜ",73,34,39
"GÜDÜL","ADALIKUZU",123,61,62
"GÜDÜL","KAYI",93,44,49
"BEYPAZARI","FASIL",92,48,44
"GÜDÜL","KAVAKÖZÜ",167,90,77
"BEYPAZARI","KURTULUŞ",4460,2214,2246
"BEYPAZARI","DERELİ",112,56,56
"GÜDÜL","EMİRLER",317,161,156
"GÜDÜL","KAMANLAR",156,80,76
"BEYPAZARI","SOPÇAALAN",68,31,37
"BEYPAZARI","BATÇA",33,14,19
"YENİMAHALLE","GAYRET",10230,5274,4956
"GÜDÜL","AKÇAKESE",231,122,109
"GÜDÜL","GÜNEYCE",858,413,445
"BEYPAZARI","KABACA",120,62,58
"BEYPAZARI","DOĞANÇALI",35,19,16
"BEYPAZARI","ÇAKILOBA",113,46,67
"GÜDÜL","SALİHLER",252,135,117
"GÜDÜL","GARİPÇE",367,161,206
"BEYPAZARI","RÜSTEMPAŞA",464,233,231
"BEYPAZARI","İSTİKLAL",423,214,209
"GÜDÜL","ÖZÇALTI",47,21,26
"BEYPAZARI","MAHMUTLAR",203,92,111
"GÜDÜL","SORGUN",405,198,207
"BEYPAZARI","ADAÖREN",189,87,102
"BEYPAZARI","YİĞERLER",154,67,87
"BEYPAZARI","HIRKATEPE",110,54,56
"BEYPAZARI","KIRBAŞI",639,324,315
"BEYPAZARI","KUYUMCUTEKKE",169,75,94
"BEYPAZARI","AYVAŞIK",7537,3811,3726
"BEYPAZARI","HARMANCIK",72,33,39
"BEYPAZARI","KABALAR",45,16,29
"BALA","BAHÇEKARADALAK",381,143,238
"BEYPAZARI","ÜREĞİL",361,184,177
"BEYPAZARI","MACUN",280,144,136
"BEYPAZARI","İNCEPELİT",130,54,76
"BALA","AHMETÇAYIRI",205,99,106
"BEYPAZARI","SEKLİ",263,138,125
"BEYPAZARI","YOĞUNPELİT",245,112,133
"BEYPAZARI","GAZİPAŞA",558,292,266
"BEYPAZARI","SARIAĞIL",31,15,16
"BEYPAZARI","KARAÖREN",49,20,29
"BEYPAZARI","KARACAÖREN",101,42,59
"BEYPAZARI","GÜRSÖĞÜT",283,151,132
"BEYPAZARI","DOĞANYURT",48,22,26
"BALA","BELÇARŞAK",507,237,270
"BEYPAZARI","AKÇAKAVAK",84,39,45
"BEYPAZARI","MENÇELER",25,10,15
"BEYPAZARI","KARAŞAR",459,243,216
"BEYPAZARI","YUKARIGÜNEY",26,11,15
"BEYPAZARI","KIRŞEYHLER",270,138,132
"BEYPAZARI","BOYALI",74,36,38
"BEYPAZARI","KERBANLAR",76,42,34
"BEYPAZARI","YILDIZ",67,32,35
"BEYPAZARI","KOZALAN",154,69,85
"BEYPAZARI","TAHİR",255,110,145
"BEYPAZARI","KURTKOVAN",21,8,13
"BEYPAZARI","ACISU",60,27,33
"BEYPAZARI","YALNIZÇAM",87,42,45
"BEYPAZARI","DİKMEN",199,87,112
"BEYPAZARI","UŞAKGÖL",91,46,45
"BEYPAZARI","SARAY",165,85,80
"KALECİK","DEMİRTAŞ",168,87,81
"BEYPAZARI","ÇANTIRLI",140,67,73
"BEYPAZARI","CUMHURİYET",882,444,438
"BEYPAZARI","OYMAAĞAÇ",272,131,141
"BEYPAZARI","KÖSELER",39,18,21
"YENİMAHALLE","IŞINLAR",8791,4603,4188
"KALECİK","KARATEPE",32,16,16
"BEYPAZARI","DUDAŞ",108,57,51
"BEYPAZARI","KIZILCASÖĞÜT",271,121,150
"BEYPAZARI","KUYUCAK",144,63,81
"BEYPAZARI","DİBECİK",160,70,90
"BEYPAZARI","TACETTİN",323,163,160
"BEYPAZARI","AKÇALI",28,10,18
"BEYPAZARI","KÖST",115,51,64
"BEYPAZARI","HACIKARA",15284,7772,7512
"BEYPAZARI","NUHHOCA",36,18,18
"BEYPAZARI","KAPULLU",189,99,90
"BEYPAZARI","BAŞÖREN",40,22,18
"BEYPAZARI","GEYİKPINARI",31,15,16
"BALA","YUKARIHACIBEKİR",130,62,68
"BALA","KERİŞLİ",210,86,124
"BALA","BEKTAŞLI",260,112,148
"BALA","ŞEHRİBAN",280,103,177
"YENİMAHALLE","AŞAĞI YAHYALAR",8139,4136,4003
"BALA","YENİYAPANŞEYHLİ",535,229,306
"BALA","YENİKÖY",399,193,206
"BALA","KÜÇÜKBIYIK",261,116,145
"BALA","AFŞAR",1597,827,770
"BALA","ÜÇEM",392,159,233
"BALA","YENİYAPANÇARŞAK",312,137,175
"BALA","AŞAĞIHACIBEKİR",267,118,149
"BALA","SARIHÜYÜK",233,101,132
"ÇUBUK","KARAAĞAÇ",29,12,17
"BALA","AŞIKOĞLU",119,54,65
"BALA","KÜÇÜKBOYALIK",153,64,89
"BALA","KUYULAR",469,198,271
"BALA","ÇATALÇEŞME",545,235,310
"BALA","ÇİĞDEMLİ",277,119,158
"BALA","KÜÇÜKCAMİLİ",391,179,212
"YENİMAHALLE","KENTKOOP",28904,15295,13609
"BALA","BÜYÜKCAMİLİ",416,198,218
"BALA","BÜYÜKBOYALIK",667,290,377
"ÇUBUK","ÇİTKÖY",61,29,32
"BALA","HANBURUN",106,43,63
"BALA","KÜÇÜKBAYAT",126,49,77
"BALA","SIRAPINAR",529,202,327
"BALA","YÖRELİ",443,206,237
"BALA","KARAHAMZALI",623,235,388
"BALA","KESİKKÖPRÜ ERDEMLİ",100,42,58
"BALA","İSMETPAŞA",436,202,234
"BALA","AYDOĞAN",166,80,86
"KAHRAMANKAZAN","YILDIRIMBEYAZIT",1088,538,550
"BALA","ŞENTEPE",867,406,461
"BALA","KÖSELİ",587,260,327
"BALA","DEREKIŞLA",306,119,187
"KAHRAMANKAZAN","KILIÇLAR",196,88,108
"BALA","SUYUGÜZEL",388,171,217
"BALA","ERGİN",478,229,249
"KAHRAMANKAZAN","AKÇAÖREN",102,48,54
"BALA","BEYNAM",810,363,447
"BALA","ABAZLI",842,397,445
"BALA","BÜYÜKBAYAT",621,307,314
"BALA","GÖZTEPE",546,248,298
"KAHRAMANKAZAN","FETHİYE",322,140,182
"BALA","GÜLBAĞI",325,141,184
"KAHRAMANKAZAN","DAĞYAKA",71,32,39
"KAHRAMANKAZAN","SOĞUCAK",267,135,132
"KAHRAMANKAZAN","PEÇENEK",103,49,54
"ELMADAĞ","HASANOĞLAN FATİH",1334,663,671
"KAHRAMANKAZAN","AKINCI",4105,1824,2281
"KAHRAMANKAZAN","ÇALTA",82,38,44
"KAHRAMANKAZAN","SANCAR",151,66,85
"KAHRAMANKAZAN","YAYALAR",24,11,13
"KAHRAMANKAZAN","KAYI",3219,1612,1607
"PURSAKLAR","FATİH",25467,12858,12609
"KALECİK","YÜZBEY",69,31,38
"KAHRAMANKAZAN","AHİ",155,91,64
"KAHRAMANKAZAN","BİTİK",227,118,109
"KAHRAMANKAZAN","KARALAR",167,83,84
"KAHRAMANKAZAN","GÜNBAŞI",81,36,45
"KAHRAMANKAZAN","FATİH",3587,1682,1905
"MAMAK","GÖKÇEYURT",1034,501,533
"PURSAKLAR","SARAY FATİH",18974,9532,9442
"KAHRAMANKAZAN","TEKKE",155,71,84
"KAHRAMANKAZAN","SARILAR",97,52,45
"KAHRAMANKAZAN","ÇİMŞİT",129,63,66
"KAHRAMANKAZAN","İÇÖREN",291,111,180
"KAHRAMANKAZAN","SATIKADIN",5905,2921,2984
"MAMAK","PEYAMİ SAFA",18340,9243,9097
"KAHRAMANKAZAN","KIŞLA",148,71,77
"KAHRAMANKAZAN","KINIK",188,95,93
"KAHRAMANKAZAN","DUTÖZÜ",56,28,28
"KAHRAMANKAZAN","AŞAĞIKARAÖREN",137,71,66
"KAHRAMANKAZAN","EMİRGAZİ",145,58,87
"KAHRAMANKAZAN","SARAY",700,319,381
"MAMAK","ÇAĞLAYAN",8052,4076,3976
"KAHRAMANKAZAN","ORHANİYE",458,231,227
"KAHRAMANKAZAN","SARIAYAK",57,22,35
"KAHRAMANKAZAN","ÖRENCİK",188,76,112
"KAHRAMANKAZAN","İNCEĞİZ",43,19,24
"KAHRAMANKAZAN","CİĞİR",161,67,94
"KAHRAMANKAZAN","SARAÇ",77,36,41
"KAHRAMANKAZAN","YAVUZ SULTAN SELİM",617,311,306
"PURSAKLAR","SİRKELİ YEŞİLYURT",582,282,300
"PURSAKLAR","ABADAN",134,64,70
"KAHRAMANKAZAN","UÇARI",109,60,49
"KAHRAMANKAZAN","İYMİR",117,57,60
"KAHRAMANKAZAN","ALPAGUT",97,48,49
"MAMAK","ABİDİNPAŞA",12504,6372,6132
"PURSAKLAR","KARŞIYAKA",299,149,150
"KAHRAMANKAZAN","GÜVENÇ",256,121,135
"NALLIHAN","İSLAMALAN",67,33,34
"PURSAKLAR","ALTINOVA",3894,1913,1981
"PURSAKLAR","TEVFİK İLERİ",5776,2868,2908
"PURSAKLAR","YUNUS EMRE",18199,9156,9043
"YENİMAHALLE","GAZİ",5756,3091,2665
"YENİMAHALLE","SUSUZ",5736,2935,2801
"YENİMAHALLE","BURÇ",10006,5103,4903
"GÖLBAŞI","KIZILCAŞAR",8019,4113,3906
"PURSAKLAR","KÖSRELİKKIZIĞI",279,140,139
"PURSAKLAR","SARAY OSMANGAZİ",2210,1224,986
"PURSAKLAR","SARAY CUMHURİYET",14672,7376,7296
"YENİMAHALLE","KUZEY YILDIZI",8336,4126,4210
"YENİMAHALLE","İVEDİKKÖY",564,258,306
"YENİMAHALLE","YAKACIK",9466,4593,4873
"YENİMAHALLE","YUVAKÖY",1853,915,938
"YENİMAHALLE","GÜVENTEPE",11816,5905,5911
"NALLIHAN","DAVUTOĞLAN",165,79,86
"YENİMAHALLE","MEMLİK",954,443,511
"YENİMAHALLE","AVCILAR",9294,4717,4577
"YENİMAHALLE","İLKYERLEŞİM",18928,9830,9098
"NALLIHAN","ALİEFE",47,23,24
"NALLIHAN","BEYDİLİ",197,103,94
"NALLIHAN","AŞAĞIBAĞDERE",19,8,11
"NALLIHAN","ATATÜRK",1387,712,675
"NALLIHAN","HACIBEY",1644,828,816
"NALLIHAN","KARAHİSARGÖLCÜK",37,21,16
"NALLIHAN","ALAN",80,45,35
"NALLIHAN","KARAHİSAR",55,28,27
"NALLIHAN","KARAHİSARKOZLU",80,38,42
"NALLIHAN","MEYİLDERE",57,25,32
"NALLIHAN","AYDOĞMUŞ",47,20,27
"NALLIHAN","YUKARIBAĞLICA",108,42,66
"NALLIHAN","YEŞİLYURT",82,41,41
"NALLIHAN","AŞAĞIKAVACIK",109,54,55
"NALLIHAN","KAVAKKÖY",138,75,63
"NALLIHAN","SOĞUKKUYU",156,83,73
"NALLIHAN","AKDERE",191,91,100
"NALLIHAN","BELENALAN",78,42,36
"NALLIHAN","KULU",22,13,9
"NALLIHAN","TEKKE",64,35,29
"NALLIHAN","SARIYAR",532,276,256
"NALLIHAN","CENDERE",62,35,27
"NALLIHAN","SOBRAN",256,132,124
"NALLIHAN","SARIKAYA",88,42,46
"NALLIHAN","NALLIGÖLCÜK",36,16,20
"KALECİK","AKKAYNAK",127,62,65
"NALLIHAN","HACIHASANLAR",19,10,9
"KALECİK","KARKIN",48,27,21
"NALLIHAN","GÜZELÖZ",75,43,32
"NALLIHAN","TEPE",54,26,28
"NALLIHAN","SUBAŞI",48,22,26
"NALLIHAN","YUKARIBAĞDERE",55,28,27
"NALLIHAN","EYMİR",349,183,166
"NALLIHAN","ÇALICAALAN",105,50,55
"NALLIHAN","UZUNÖZ",158,80,78
"NALLIHAN","DÖĞMECİ",26,13,13
"NALLIHAN","ATÇA",148,80,68
"NALLIHAN","OSMANKÖY",230,117,113
"NALLIHAN","NASUHPAŞA",2214,1122,1092
"NALLIHAN","DEMİRKÖY",52,29,23
"NALLIHAN","100.YIL",2393,1226,1167
"NALLIHAN","AŞAĞIBAĞLICA",48,24,24
"NALLIHAN","ÇAMALAN",322,173,149
"NALLIHAN","KARACASU",106,53,53
"NALLIHAN","DOĞANDERE",113,65,48
"NALLIHAN","MEYİLHACILAR",58,27,31
"NALLIHAN","EMREMSULTAN",117,53,64
"NALLIHAN","KARAKÖY",208,113,95
"NALLIHAN","BOZYAKA",273,145,128
"NALLIHAN","KUZUCULAR",150,84,66
"NALLIHAN","BELENÖREN",61,28,33
"NALLIHAN","ULUHAN",133,66,67
"NALLIHAN","ÇAYIRHAN",8356,4083,4273
"NALLIHAN","ÇULHALAR",17,9,8
"NALLIHAN","YAKAPINAR",144,69,75
"NALLIHAN","TEKİRLER",139,75,64
"NALLIHAN","ALİAĞA",565,290,275
"NALLIHAN","ALPAĞUT",41,22,19
"NALLIHAN","NALLIDERE",65,28,37
"KALECİK","ÇANŞA KALE",1240,609,631
"NALLIHAN","AKSU",34,19,15
"NALLIHAN","EĞRİ",71,32,39
"NALLIHAN","HIDIRLAR",205,98,107
"NALLIHAN","ÇİLLER",71,33,38
"NALLIHAN","OZAN",96,50,46
"KALECİK","SAMANLIK",433,215,218
"NALLIHAN","ERİCEK",95,52,43
"KALECİK","EŞMEDERE",47,21,26
"NALLIHAN","EPÇELER",54,26,28
"KALECİK","YURTYENİCE",123,64,59
"KALECİK","ŞEMSETTİN",60,29,31
"KALECİK","YENİÇÖTE",230,110,120
"KALECİK","KARAHÖYÜK",228,108,120
"KALECİK","HALİLAĞA TABAKHANE",99,48,51
"KALECİK","KILÇAK",193,98,95
"KALECİK","ÇANDIR",289,145,144
"KALECİK","YEŞİLÖZ",58,24,34
"KALECİK","DAĞDEMİR",71,33,38
"KALECİK","BEYKAVAĞI",110,55,55
"ÇUBUK","TUĞLA",55,25,30
"KALECİK","AKCATAŞ",74,37,37
"KALECİK","YALIMKÖY",28,8,20
"KALECİK","AHİKEMALŞENYURT",987,515,472
"KALECİK","KINIK",197,97,100
"KALECİK","AFŞAR",103,48,55
"KALECİK","SATILAR",211,114,97
"AYAŞ","YAĞMURDEDE",244,122,122
"KALECİK","ESKİKÖY",254,127,127
"AYAŞ","ÇANILLI ULUYOL",486,246,240
"KALECİK","AKTEPE",72,31,41
"AYAŞ","ÖMEROĞLU",413,205,208
"AYAŞ","ŞEYHMUHİTTİN",1145,137,1008
"AYAŞ","UĞURÇAYIRI",117,59,58
"AYAŞ","SİNANLI MAHKEME",163,83,80
"AYAŞ","EVCİ",106,51,55
"AYAŞ","GÖKLER",266,115,151
"AYAŞ","SİNANLI HOCASİNAN",542,271,271
"AYAŞ","PINARYAKA",259,133,126
"AYAŞ","GÖKÇEBAĞ",125,66,59
"AYAŞ","OLTAN",1276,623,653
"AYAŞ","BAŞBEREKET",142,68,74
"AYAŞ","ÇANILLI ÇİĞDEMCİ",351,177,174
"AYAŞ","HACIMEMİ",374,193,181
"AYAŞ","HACIRECEP",920,460,460
"AYAŞ","FERUZ",205,102,103
"ÇUBUK","KÜÇÜKALİ",79,35,44
"AYAŞ","SİNANLI CUMA",375,175,200
"AYAŞ","AKKAYA",272,128,144
"AYAŞ","CAMİATİK",126,62,64
"AYAŞ","BAYRAM",238,109,129
"AYAŞ","GENÇALİ",489,235,254
"AYAŞ","ORTABEREKET",363,191,172
"ÇUBUK","GÖKÇEDERE",210,103,107
"ÇUBUK","AĞILCIK",386,187,199
"ÇUBUK","SARAYCIK",51,24,27
"ÇUBUK","AŞAĞIEMİRLER",155,70,85
"ÇUBUK","TAŞPINAR",441,217,224
"ÇUBUK","KAPAKLI",148,69,79
"ÇUBUK","DALYASAN",47,19,28
"ÇUBUK","KARGIN",187,98,89
"ÇUBUK","MEŞELİ",120,50,70
"ÇUBUK","MUTLU",97,45,52
"ÇUBUK","SUSUZ",209,98,111
"ÇUBUK","KARADANA",119,59,60
"ÇUBUK","İKİPINAR",170,85,85
"ÇUBUK","YAZIR",237,113,124
"ÇUBUK","YAYLAK",33,18,15
"ÇUBUK","KARATAŞ",61,30,31
"ÇUBUK","YILDIRIMEVCİ",61,29,32
"ÇUBUK","ATATÜRK",9052,4446,4606
"ÇUBUK","YILDIRIM BEYAZIT",19481,10061,9420
"ÇUBUK","SÜNLÜ",542,246,296
"ÇUBUK","KARAMAN",29,11,18
"ÇUBUK","ÖMERCİK",104,45,59
"ÇUBUK","İMAMHÜSEYİN",74,35,39
"ÇUBUK","KÖSRELİK",171,79,92
"ÇUBUK","DEDELER",57,25,32
"ÇUBUK","DUMLUPINAR",1103,537,566
"ÇUBUK","CAMİLİ",175,83,92
"ÇUBUK","DEMİRCİ",114,61,53
"ÇUBUK","AŞAĞIÇAVUNDUR",1502,742,760
"ÇUBUK","SIĞIRLIHACI",114,50,64
"ÇUBUK","YAZLICA",14,6,8
"ÇUBUK","YENİCE",927,457,470
"ÇUBUK","ESKİÇÖTE",131,57,74
"ÇUBUK","ESENBOĞA MERKEZ",1613,794,819
"ELMADAĞ","KAYADİBİ",395,191,204
"ÇUBUK","SARIKOZ",52,20,32
"ÇUBUK","YUKARI ÇAVUNDUR",500,235,265
"ÇUBUK","KIZILCA",381,188,193
"ELMADAĞ","EDİĞE",92,45,47
"ÇUBUK","AVCIOVA",51,23,28
"ELMADAĞ","GÜMÜŞPALA",2825,1451,1374
"ÇUBUK","TAHTAYAZI",311,141,170
"ÇUBUK","GÜLDARPI",702,353,349
"ÇUBUK","MELİKŞAH",610,305,305
"ÇUBUK","SELE",18,7,11
"ÇUBUK","MAHMUTOĞLAN",125,58,67
"ÇUBUK","YAVUZSELİM",17175,8649,8526
"ELMADAĞ","ŞEHİTLİK",783,400,383
"ELMADAĞ","HASANOĞLAN BAHÇELİEVLER",8564,4300,4264
"ELMADAĞ","TATLICA",4123,2084,2039
"ELMADAĞ","MUZAFFER EKŞİ",1465,710,755
"ELMADAĞ","KURTULUŞ",3998,2051,1947
"ELMADAĞ","ÜÇEVLER",510,263,247
"ELMADAĞ","HASANOĞLAN HAVUZBAŞI",1668,832,836
"ELMADAĞ","İSMETPAŞA",5119,2615,2504
"ELMADAĞ","YENİDOĞAN",619,305,314
"ELMADAĞ","KEMALPAŞA",3789,1847,1942
"ELMADAĞ","LALABEL",1241,570,671
"ELMADAĞ","YENİMAHALLE",608,292,316
"ELMADAĞ","AŞAĞIKAMIŞLI",185,86,99
"ELMADAĞ","KARACAHASAN",259,126,133
"ELMADAĞ","SEYİTCEMALİ",985,436,549
"ELMADAĞ","TABURLAR",156,81,75
"ELMADAĞ","KUŞÇUALİ",148,66,82
"ELMADAĞ","AKÇAALİ",247,116,131
"ELMADAĞ","YEŞİLDERE FATİH",1022,494,528
"MAMAK","ŞAFAKTEPE",11811,5894,5917
"ELMADAĞ","DELİLER",214,99,115
"NALLIHAN","GÖKÇEÖZ",124,71,53
"HAYMANA","DEMİRÖZÜ",365,155,210
"HAYMANA","BÜYÜKKONAK",95,36,59
"GÖLBAŞI","SUBAŞI",263,132,131
"HAYMANA","KARAPINAR",224,107,117
"HAYMANA","YAPRAKBAYIRI",271,134,137
"HAYMANA","ÇAYRAZ",156,67,89
"HAYMANA","SİNANLI",672,329,343
"MAMAK","DEMİRLİBAHÇE",12999,7613,5386
"HAYMANA","SAATLİ",113,51,62
"HAYMANA","CİNGİRLİ",21,8,13
"HAYMANA","DURUPINAR",172,78,94
"HAYMANA","GÜLTEPE",455,221,234
"HAYMANA","ALAHACILI",318,169,149
"HAYMANA","ALAÇIK",137,61,76
"HAYMANA","TEPEKÖY",281,121,160
"GÖLBAŞI","ŞAFAK",10257,5171,5086
"HAYMANA","KIZILKOYUNLU",259,115,144
"HAYMANA","KAVAK",273,126,147
"MAMAK","DURALİ ALIÇ",38974,19591,19383
"HAYMANA","YENİ",3007,1521,1486
"HAYMANA","SARIDEĞİRMEN",196,99,97
"HAYMANA","EVLİYAFAKI",228,105,123
"HAYMANA","ÇATAK",289,136,153
"HAYMANA","YENİKÖY",223,104,119
"HAYMANA","TABAKLI",109,49,60
"HAYMANA","BUMSUZ",609,294,315
"MAMAK","GÜLVEREN",9830,4885,4945
"HAYMANA","YERGÖMÜ",191,89,102
"HAYMANA","EVCİ",110,61,49
"HAYMANA","KÜÇÜKKONAK",33,13,20
"HAYMANA","TÜRKHÜYÜK",50,24,26
"HAYMANA","DURUTLAR",102,45,57
"HAYMANA","ÇELTİKLİ",241,115,126
"HAYMANA","KİRAZOĞLU",222,104,118
"HAYMANA","TÜRKŞEREFLİ",204,89,115
"HAYMANA","EMİRLER",477,227,250
"HAYMANA","ÇALIŞ",465,211,254
"HAYMANA","ŞEREFLİGÖKGÖZ",265,136,129
"HAYMANA","YAMAK",164,85,79
"HAYMANA","GÜZELCEKALE",223,100,123
"HAYMANA","AHIRLIKUYU",79,38,41
"HAYMANA","CİHANŞAH",257,124,133
"HAYMANA","ESEN",128,58,70
"HAYMANA","YAYLABEYİ",83,43,40
"HAYMANA","SERİNYAYLA",244,122,122
"HAYMANA","TOYÇAYIRI",190,91,99
"HAYMANA","BAHÇECİK",299,138,161
"HAYMANA","SÖĞÜTTEPE",75,35,40
"HAYMANA","KÜÇÜKYAĞCI",55,25,30
"HAYMANA","ESKİKIŞLA",161,67,94
"HAYMANA","KARASÜLEYMANLI",223,95,128
"MAMAK","ORTAKÖY",670,314,356
"HAYMANA","SOĞULCA",129,62,67
"HAYMANA","GEDİK",106,47,59
"MAMAK","ŞAHİNTEPE",27876,14041,13835
"HAYMANA","BÜYÜKYAĞCI",199,97,102
"HAYMANA","ÇALDAĞ",829,418,411
"HAYMANA","SARIGÖL",287,127,160
"HAYMANA","KAYABAŞI",783,393,390
"HAYMANA","CULUK",510,203,307
"MAMAK","HARMAN",8413,4250,4163
"HAYMANA","YEŞİLKÖY",339,152,187
"HAYMANA","YUKARISEBİL",329,165,164
"HAYMANA","MEDRESE",859,453,406
"HAYMANA","BOĞAZKAYA",59,27,32
"MAMAK","KIZILCA",768,373,395
"HAYMANA","SINDIRAN",1908,909,999
"HAYMANA","KARAHOCA",216,112,104
"HAYMANA","BOSTANHÜYÜK",184,75,109
"MAMAK","TUZLUÇAYIR",12460,6507,5953
"HAYMANA","KUTLUHAN",234,111,123
"HAYMANA","SAZAĞASI",124,66,58
"HAYMANA","BALÇIKHİSAR",682,324,358
"HAYMANA","KADIKÖY",318,152,166
"MAMAK","ŞEHİT CENGİZ TOPEL",2092,978,1114
"MAMAK","BOĞAZİÇİ",6063,3061,3002
"HAYMANA","ATAKÖY",622,311,311
"HAYMANA","KATRANCI",330,160,170
"HAYMANA","MANDIRA",209,96,113
"HAYMANA","BALTALİN",145,66,79
"MAMAK","BAŞAK",35346,17531,17815
"HAYMANA","YURTBEYLİ",647,292,355
"HAYMANA","SIRÇASARAY",154,65,89
"HAYMANA","DEREKÖY",186,71,115
"MAMAK","DERBENT",3853,1906,1947
"HAYMANA","DEVECİ",196,95,101
"HAYMANA","ALTIPINAR",567,269,298
"MAMAK","DUTLUK",273,91,182
"MAMAK","KIBRISKÖY",8835,4395,4440
"MAMAK","ŞAHAP GÜRLER",9708,4772,4936
"MAMAK","KUTLU",22692,11468,11224
"MAMAK","TÜRKÖZÜ",13431,6790,6641
"MAMAK","CENGİZHAN",26162,13336,12826
"MAMAK","AKDERE",10370,5272,5098
"MAMAK","KAYAŞ",6484,3321,3163
"MAMAK","FAHRİ KORUTÜRK",16295,8096,8199
"MAMAK","KÜÇÜK KAYAŞ",19266,9560,9706
"MAMAK","AŞIK VEYSEL",14541,7467,7074
"MAMAK","ÜREĞİL",6840,3497,3343
"MAMAK","KUSUNLAR",428,190,238
"MAMAK","ÇİĞİLTEPE",4436,1598,2838
"MAMAK","EKİN",14538,7226,7312
"MAMAK","KÖSTENCE",531,214,317
"MAMAK","KAZIM ORBAY",11203,5740,5463
"GÖLBAŞI","BAHÇELİEVLER",23574,12312,11262
"MAMAK","ARAPLAR",3902,2000,1902
"MAMAK","DOSTLAR",1041,475,566
"MAMAK","ALTIAĞAÇ",7487,3733,3754
"MAMAK","HÜSEYİNGAZİ",8140,2605,5535
"MAMAK","BAYINDIR",407,211,196
"MAMAK","YEŞİLBAYIR",27426,13559,13867
"GÖLBAŞI","DİKİLİTAŞ",486,224,262
"MAMAK","ZİRVEKENT",6753,3257,3496
"MAMAK","MİSKET",12202,6100,6102
"GÖLBAŞI","ÇELTEK",77,41,36
"GÖLBAŞI","GÖKÇEHÜYÜK",748,312,436
"MAMAK","AKŞEMSETTİN",16491,8237,8254
"MAMAK","MUTLU",28524,14146,14378
"GÖLBAŞI","EYMİR",23324,11631,11693
"GÖLBAŞI","TULUMTAŞ",2408,1209,1199
"GÖLBAŞI","HACIHASAN",579,290,289
"GÖLBAŞI","GAZİOSMANPAŞA",7996,3984,4012
"GÖLBAŞI","SEĞMENLER",21050,10503,10547
"GÖLBAŞI","ÇİMŞİT",285,119,166
"GÖLBAŞI","BOYALIK",359,186,173
"GÖLBAŞI","HACILAR",3193,1585,1608
"GÖLBAŞI","OYACA AKARSU",931,443,488
"GÖLBAŞI","MAHMATLIBAHÇE",129,68,61
"GÖLBAŞI","HALAÇLI",265,127,138
"GÖLBAŞI","KARAGEDİK AYDIN",1266,634,632
"GÖLBAŞI","TAŞPINAR",2966,1516,1450
"GÖLBAŞI","OYACA YEŞİLÇAM",740,364,376
"GÖLBAŞI","SOĞULCAK",170,88,82
"GÖLBAŞI","ALTUNÇANAK",85,40,45
"GÖLBAŞI","TOPAKLI",486,228,258
"GÖLBAŞI","KARAALİ YAZLIK",264,122,142
"GÖLBAŞI","YAVRUCUK",349,156,193
"GÖLBAŞI","ÖRENCİK",1050,508,542
"GÖLBAŞI","BEZİRHANE",619,289,330
"GÖLBAŞI","AKÖRENÇARŞAK",291,130,161
"GÖLBAŞI","BAĞİÇİ",307,137,170
"GÖLBAŞI","KARAALİ MERKEZ",270,135,135
"GÖLBAŞI","GÖLBEK",229,107,122
"GÖLBAŞI","GÜNALAN",152,72,80
"GÖLBAŞI","KOPARAN",478,224,254
"GÖLBAŞI","TEPEYURT",189,82,107
"GÖLBAŞI","İKİZCE",333,151,182
"GÖLBAŞI","EMİRLER",726,343,383
"GÖLBAŞI","YURTBEYİ",834,399,435
"GÖLBAŞI","KARAGEDİK ERCAN",1082,512,570
"GÖLBAŞI","VELİHİMMETLİ",615,302,313
"GÖLBAŞI","MAHMATLI",277,138,139
"GÖLBAŞI","HACIMURATLI",332,167,165
"GÖLBAŞI","YAYLABAĞ",454,231,223
"GÖLBAŞI","BALLIKPINAR",1378,675,703
"ALTINDAĞ","FERİDUN ÇELİK",10968,5579,5389
"GÖLBAŞI","KIRIKLI",109,48,61
"GÖLBAŞI","İNCEK",5409,2717,2692
"GÖLBAŞI","KARACAÖREN",264,122,142
"GÖLBAŞI","AHİBOZ",236,111,125
"GÖLBAŞI","OĞULBEY",1121,320,801
"GÖLBAŞI","KARŞIYAKA",13874,6942,6932
"ALTINDAĞ","DOĞANTEPE",12452,6110,6342
"GÖLBAŞI","ÇAYIRLI",181,88,93
"POLATLI","OLUKPINAR",131,60,71
"GÖLBAŞI","SELAMETLİ ŞEHİT EMRAH",827,405,422
"ALTINDAĞ","TATLAR",305,136,169
"GÖLBAŞI","KARAOĞLAN",706,330,376
"GÖLBAŞI","YAĞLIPINAR",349,173,176
"ALTINDAĞ","KARACAÖREN",9062,4500,4562
"ALTINDAĞ","BEŞİKKAYA",36864,18434,18430
"ALTINDAĞ","HACETTEPE",8365,3963,4402
"ALTINDAĞ","KAVAKLI",952,461,491
"ALTINDAĞ","GİCİK",280,132,148
"ALTINDAĞ","PEÇENEK",575,273,302
"ALTINDAĞ","SOLFASOL",1696,794,902
"ALTINDAĞ","ÖNDER",1684,805,879
"ALTINDAĞ","KARAPÜRÇEK",83053,41410,41643
"ALTINDAĞ","YILDIZTEPE",29387,14693,14694
"ALTINDAĞ","BAŞPINAR",19251,9642,9609
"ALTINDAĞ","BARAJ",18417,9114,9303
"POLATLI","MACUN",258,124,134
"ALTINDAĞ","GÜLTEPE",22486,11053,11433
"POLATLI","GEDİKLİ",81,33,48